MAE: 0.7121574878692627
MSE: 1.5972779989242554
RMSE: 1.2638346406568604
MAPE(%): 0.13955039903521538
sMAPE(%): 0.13957597548142076
