MAE: 0.3350900709629059
MSE: 0.5793748497962952
RMSE: 0.7611667687151713
MAPE(%): 0.06586583331227303
sMAPE(%): 0.06588723044842482
